
21701019
21695618
21396244
21699237
21708015
21677800
21702088
21660645
21660278
21647785
21638042
21679743
21645307
21590207
21712364
21695127
7982362
21707010
21700698
21504569
21645732
21601139
21623638
21671211
21616976
21569662
21673103
21595392
21701036
21651950
21675954
21679031
21655247
21563272
21708659
21700365
21621732
21686560
21652782
16264127
21706216
21661002
21646345
21664342
21716211
21680297
21716143
21684165
21696416
21618878
21687423
21542457
21553615
21590675
21636381
21602738
21631140
21648828
21659342
21713559
21714803
21713210
21713206
21644923
21583954
21706282
21710534
21687998
21681458
21686894
21686903
21686908
21659428
21641402
21665122
21659285
21693530
21673587
21417369
21714098
21708867
21708864
17926837
21713749
21691414
21675054
21690821
21658930
21645419
21655417
14791889
21697210
21710237
21659221
